74

33.1331100300331111031131”303,301301133103111011003333,133101103330301 30 ...31
1313010133 0113100033013 1333303 0333 0333131 03300030103010 33 5101110113 5133313 33
γ30003331 0000000010 53311133 30331303, 13 03111313313013311 3311301330.. 1110131133 1331,
, s331 , 003 0301333131113133003313111. 311103011050013 ’31331313110330111013 30111... 1
..0300 003 0113110010 01 ’30311003 ,533003113101333 :fi 00110111.οἿ13 31 1300 31130010
· 010110.1130001103-110033133,510..1000 103100031303310313313 300310 1103031
..13 1331110 5301110 33131... ...010301001οῑ0 00113 3 0311 013113 51 3443 11030333 01110 0301011351
. 030011 ..330101103013301 1333311103. 311011 4311 31130 310001110001100033 311 03330 10031011
3031130011311, 4444 0001011331... 313113, [3001100330300103311111-31110301, 3100303011
3313 330310. 1031311101. 3,·1·’ 443 3100303113301 01. 033010333031013110333, 3110030110 ’3131 1
-11013331100331303010111 ..0331100113 03030311330101, 0111000003 3033 101 1303 000 0000031131
331133 00310331311103001313, 0001333 10031013 0303031οἧ11 10131, 5111311101 13. 3000311 1
03101131 3300310 11003101. Ν3130103311110013003003010 103001 30003 1313133 0000031103·
13011101303311103313 111003 13313303 10 0133111133 0031113100 3011311011. 5 31303010

00031 331313, 0131301113 est 1010000001111110333003311 [3113103313αο, 1303 0101311330

03313111.. ...1313 1300133, 303 331 16100330300101 1313 3333133131110303,5 0303 1301
11131 010 31001 ’103 3003 0113 33 0-’100 ...3 ’1131350130111113313333 130133 00031113001033313033
1310 ’00 »113310110010-..0..33311130 51100””-1111.1·3,- 0003033131. 30113

’ 11001111 01331. ’1 3310 1003 ’31310003 11003313313010001131110103333) 110310 001333 3001130113 1
0013113101,001303001..0011 011... 13 50300103331111330011 11101130301003313 0..
30100030. ,01103113 ..010303113001111013 1301131113 13 1311031130 03113 03113103.
3030103010. 3 1033 33. Y&1134331112013333:3334104311313143113133133 51001311

133010300.,01.1003’30 13 00..00101033011111-130103 30033110.3313110331031031.303, 311
111133011311000113... 11000133 rogo · ·

³  jj ’· finis S 1011111311 Libri4 ψ ’

 

